>>> 0
0 
>>> 1
0 1 2 3 4 5 6 7 8 9 10 11 12 13 14 15 16 17 18 19 20 21 22 23 24 25 26 27 28 29 30 31 32 33 34 35 36 37 38 39 40 41 42 43 44 45 46 47 48 49 50 51 52 53 54 55 56 57 58 59 60 61 62 63 
>>> 2
0 2 4 6 8 10 12 14 16 18 20 22 24 26 28 30 32 34 36 38 40 42 44 46 48 50 52 54 56 58 60 62 
>>> 3
0 1 4 5 8 9 12 13 16 17 20 21 24 25 28 29 32 33 36 37 40 41 44 45 48 49 52 53 56 57 60 61 
>>> 4
0 4 8 12 16 20 24 28 32 36 40 44 48 52 56 60 
>>> 5
0 1 2 3 8 9 10 11 16 17 18 19 24 25 26 27 32 33 34 35 40 41 42 43 48 49 50 51 56 57 58 59 
>>> 6
0 2 8 10 16 18 24 26 32 34 40 42 48 50 56 58 
>>> 7
0 1 8 9 16 17 24 25 32 33 40 41 48 49 56 57 
>>> 8
0 8 16 24 32 40 48 56 
>>> 9
0 1 2 3 4 5 6 7 16 17 18 19 20 21 22 23 32 33 34 35 36 37 38 39 48 49 50 51 52 53 54 55 
>>> 10
0 2 4 6 16 18 20 22 32 34 36 38 48 50 52 54 
>>> 11
0 1 4 5 16 17 20 21 32 33 36 37 48 49 52 53 
>>> 12
0 4 16 20 32 36 48 52 
>>> 13
0 1 2 3 16 17 18 19 32 33 34 35 48 49 50 51 
>>> 14
0 2 16 18 32 34 48 50 
>>> 15
0 1 16 17 32 33 48 49 
>>> 16
0 16 32 48 
>>> 17
0 1 2 3 4 5 6 7 8 9 10 11 12 13 14 15 32 33 34 35 36 37 38 39 40 41 42 43 44 45 46 47 
>>> 18
0 2 4 6 8 10 12 14 32 34 36 38 40 42 44 46 
>>> 19
0 1 4 5 8 9 12 13 32 33 36 37 40 41 44 45 
>>> 20
0 4 8 12 32 36 40 44 
>>> 21
0 1 2 3 8 9 10 11 32 33 34 35 40 41 42 43 
>>> 22
0 2 8 10 32 34 40 42 
>>> 23
0 1 8 9 32 33 40 41 
>>> 24
0 8 32 40 
>>> 25
0 1 2 3 4 5 6 7 32 33 34 35 36 37 38 39 
>>> 26
0 2 4 6 32 34 36 38 
>>> 27
0 1 4 5 32 33 36 37 
>>> 28
0 4 32 36 
>>> 29
0 1 2 3 32 33 34 35 
>>> 30
0 2 32 34 
>>> 31
0 1 32 33 
>>> 32
0 32 
>>> 33
0 1 2 3 4 5 6 7 8 9 10 11 12 13 14 15 16 17 18 19 20 21 22 23 24 25 26 27 28 29 30 31 
>>> 34
0 2 4 6 8 10 12 14 16 18 20 22 24 26 28 30 
>>> 35
0 1 4 5 8 9 12 13 16 17 20 21 24 25 28 29 
>>> 36
0 4 8 12 16 20 24 28 
>>> 37
0 1 2 3 8 9 10 11 16 17 18 19 24 25 26 27 
>>> 38
0 2 8 10 16 18 24 26 
>>> 39
0 1 8 9 16 17 24 25 
>>> 40
0 8 16 24 
>>> 41
0 1 2 3 4 5 6 7 16 17 18 19 20 21 22 23 
>>> 42
0 2 4 6 16 18 20 22 
>>> 43
0 1 4 5 16 17 20 21 
>>> 44
0 4 16 20 
>>> 45
0 1 2 3 16 17 18 19 
>>> 46
0 2 16 18 
>>> 47
0 1 16 17 
>>> 48
0 16 
>>> 49
0 1 2 3 4 5 6 7 8 9 10 11 12 13 14 15 
>>> 50
0 2 4 6 8 10 12 14 
>>> 51
0 1 4 5 8 9 12 13 
>>> 52
0 4 8 12 
>>> 53
0 1 2 3 8 9 10 11 
>>> 54
0 2 8 10 
>>> 55
0 1 8 9 
>>> 56
0 8 
>>> 57
0 1 2 3 4 5 6 7 
>>> 58
0 2 4 6 
>>> 59
0 1 4 5 
>>> 60
0 4 
>>> 61
0 1 2 3 
>>> 62
0 2 
>>> 63
0 1 
