100 100 2
21 11 12 16 8 6 5 10 37 12 8 39 19 23 30 29 29 30 12 29 14 13 11 11 40 32 7 26 7 27 8 4 19 5 9 35 5 3 15 12 25 32 12 12 16 25 26 19 11 37 7 32 33 13 30 5 3 14 6 34 27 1 4 29 5 21 32 26 26 24 39 2 38 30 13 35 29 9 19 27 24 37 30 21 26 21 35 32 5 10 9 12 11 34 12 35 14 25 7 11
75 10
11 97 1
47 63 1
23 84 1
36 48 1
45 72 1
18 24 1
27 27 1
14 79 1
25 88 1
31 65 1
5 21 1
17 67 1
43 83 1
7 46 1
27 63 1
26 71 1
22 63 1
8 51 1
35 85 1
8 32 1
11 86 1
37 72 1
24 73 1
10 69 1
49 64 1
16 100 1
48 85 1
39 78 1
33 50 1
36 49 1
18 21 1
34 80 1
7 90 1
40 88 1
25 73 1
5 49 1
50 98 1
35 100 1
40 41 1
43 68 1
28 38 1
17 82 1
43 79 1
41 53 1
37 88 1
50 77 1
30 67 1
11 21 1
27 35 1
7 13 1
25 36 1
43 46 1
16 23 1
26 67 1
27 38 1
6 49 1
46 46 1
35 98 1
33 68 1
5 40 1
45 50 1
40 51 1
27 50 1
13 62 1
38 73 1
19 51 1
32 76 1
5 68 1
14 83 1
3 39 1
47 83 1
20 54 1
19 91 1
14 100 1
34 52 1
16 84 1
19 80 1
21 78 1
20 89 1
22 51 1
29 47 1
48 50 1
20 100 1
35 69 1
31 66 1
10 87 1
48 80 1
24 51 1
7 80 1
18 98 1
40 66 1
48 81 1
34 58 1
27 61 1
31 60 1
26 81 1
14 21 1
46 52 1
20 98 1
9 69 1